1051800840.0 -2160297.20617163 -830475.7958990099 2081206.2693321048 957.302890802762 783.864340797253 1290.1837953290462
1051800840.0 -1617713.1899005405 -390797.30156347045 2625301.0039051655 1279.1369273891967 862.539749297932 907.3633220064198
1051800840.0 -2526840.0015709638 -1282527.6990172225 1270361.3677304264 508.0565422836263 616.0081295140936 1604.6282612700072
1051800840.0 -2193711.054043513 -897330.6313230061 2000656.8018546484 907.5987189778277 781.9107463900855 1335.4218725095468
1051800840.0 -1616374.7542475683 -389895.49408626085 2626246.639331753 1279.6934906723825 862.6742440307552 906.4603647741918
1051800840.0 -5926777465.458278 3023865627.8394556 -891402746.0858687 -4891.791153195475 1822.9617891083865 -820.94972768163 -718652071.7193604 -789374251.6143799 -41328833.00328255 7070181086.682532
1051800840.0 716122764.8703829 788088717.7242488 42591381.524671 -7548.589796924928 7962.1024162279455 1757.0579281611533 -718652071.7193604 -789374251.6143799 -41328833.00328255 474282.1345195407
1051800840.0 -9037656796.19325 10083248519.180733 241121161.10099533 -6615.188821037304 8379.085934792545 1071.1973807464224
1051800840.0 -9036031363.842598 10083644179.67855 238499460.75496593 -7890.709470451213 7517.6847816654 159.47347380390164
1051800840.0 716125986.7960473 788091025.9553761 42599179.37123379 -7544.517402996821 7964.174895619176 1755.0224759507244
1051800840.0 718652826.5448146 789373553.3068901 41328817.109176196 -8052.5744082337005 7348.1665243494535 150.39446647230963
